214
223
227
195
199
209
213
221
217
213
192
218
210
228
209
207
208
219
207
209
204
209
225
212
219
233
205
224
219
193
211
216
216
226
197
219
217
220
199
209
225
185
208
209
221
223
209
191
216
210
207
186
210
220
203
193
188
218
211
214
190
213
207
213
215
208
211
204
233
217
211
221
220
217
222
228
212
206
224
221
223
217
233
187
195
199
200
220
193
221
235
209
213
248
240
197
208
221
217
204
205
198
217
210
219
227
203
203
213
200
187
241
251
207
208
206
212
213
210
209
206
230
217
209
206
226
232
233
228
227
214
212
221
213
216
218
197
222
232
225
203
220
215
219
202
216
224
211
201
204
214
219
207
219
215
205
231
223
192
216
219
233
205
240
223
209
217
220
218
205
221
206
227
198
218
221
192
241
223
225
227
212
196
225
225
214
219
208
221
231
212
223
211
214
210
207
203
197
185
202
228
218
222
218
217
198
210
208
194
210
234
216
214
211
223
214
198
218
216
201
211
211
208
219
203
213
224
233
213
217
221
217
217
209
214
214
200
201
210
217
233
215
198
209
215
208
231
194
220
214
204
208
218
209
216
209
216
195
218
222
220
230
200
220
236
200
216
196
196
209
208
202
213
209
199
215
224
204
222
225
222
212
209
225
214
206
212
209
235
228
220
223
218
215
198
239
221
215
219
209
228
208
184
210
224
214
215
211
218
209
201
200
206
230
202
233
192
213
233
224
235
206
198
225
236
235
216
200
194
211
235
207
207
226
232
211
215
204
220
220
219
209
192
202
207
206
223
242
201
222
221
222
219
204
213
189
225
215
225
226
228
199
225
202
225
226
199
226
215
220
222
210
211
236
211
211
208
207
213
222
198
225
218
216
202
192
207
207
222
210
211
226
199
210
192
212
196
213
239
213
210
197
220
207
218
215
217
216
208
226
204
213
228
215
223
207
202
210
195
221
226
207
207
203
223
218
226
215
203
214
213
232
229
237
213
217
223
236
209
208
218
204
212
195
240
206
198
232
237
215
222
218
212
223
213
208
220
235
201
223
206
207
213
192
208
214
207
220
220
213
216
226
216
228
205
207
217
205
213
230
223
212
213
224
201
186
196
216
206
212
198
230
234
211
217
228
212
209
205
222
200
204
207
210
215
214
233
236
220
205
189
209
223
208
202
191
222
239
212
206
211
213
220
196
211
215
207
205
205
209
220
233
212
197
224
223
219
211
211
203
219
216
213
219
217
228
204
202
224
203
218
209
193
214
221
238
216
205
222
219
214
209
221
223
213
237
225
212
217
208
218
219
198
198
212
201
227
222
208
199
213
217
201
212
213
218
213
190
215
210
226
190
208
187
211
226
218
203
218
223
198
215
229
232
226
210
211
236
217
212
220
204
225
215
223
205
203
202
208
220
212
201
213
222
198
221
215
228
217
212
216
207
221
202
207
220
209
210
238
215
216
216
195
233
234
208
208
204
205
210
210
214
198
225
218
212
209
224
234
199
198
206
199
221
200
217
203
200
219
207
199
246
200
220
193
221
221
202
227
196
239
226
224
214
198
200
225
208
198
203
227
213
201
215
204
228
226
210
211
211
218
219
225
230
202
227
209
203
205
212
221
221
230
193
239
218
229
210
208
218
206
219
216
210
223
221
198
203
221
204
225
227
230
212
236
226
216
228
241
201
217
238
202
212
205
215
218
220
209
217
211
219
215
215
216
210
196
206
212
233
222
203
206
228
197
195
212
212
197
219
214
216
197
199
226
203
224
218
222
215
202
199
206
222
238
214
197
210
191
213
211
200
205
192
223
191
220
211
220
215
214
238
232
219
228
219
215
207
239
196
206
206
201
219
215
198
204
216
220
213
214
220
219
214
218
222
193
203
212
219
202
208
222
227
203
207
224
208
227
217
219
213
225
209
221
207
212
214
202
218
204
200
232
224
208
211
219
221
211
213
220
221
209
210
219
204
227
215
202
193
219
215
207
221
217
196
226
219
203
227
204
218
194
217
212
205
196
231
210
208
221
199
228
220
197
243
211
204
199
197
195
200
235
188
221
215
222
200
195
222
201
208
212
211
198
196
211
218
194
208
221
225
222
190
212
219
217
207
223
224
206
199
241
208
193
198
199
204
205
212
208
239
248
206
190
227
226
211
211
202
228
212
231
236
197
205
203
219
223
209
216
217
234
211
199
222
220
214
203
208
194
222
192
231
225
214
213
208
191
222
204
200
219
209
221
202
204
194
205
215
194
230
215
210
201
216
227
200
213
212
