162
166
202
188
185
165
185
201
174
172
180
179
186
185
152
175
173
161
168
167
167
208
169
171
182
201
175
174
180
214
181
156
180
197
185
182
174
180
180
184
192
155
198
168
169
178
185
173
193
179
187
190
162
178
187
165
175
222
165
172
183
187
183
181
194
180
179
168
180
187
154
156
168
176
179
185
192
139
184
172
188
181
170
182
181
137
161
164
173
162
176
170
182
172
180
182
171
186
208
188
177
185
184
191
187
167
188
170
178
179
193
150
184
187
160
179
189
174
164
169
186
166
181
187
175
164
171
197
180
165
180
159
172
172
151
171
172
186
171
200
188
162
178
187
186
180
166
184
164
168
185
175
173
187
194
186
172
163
178
183
176
175
180
183
166
172
195
180
178
186
175
177
203
172
178
192
170
208
180
188
177
173
170
190
191
178
184
184
192
155
169
177
178
165
192
182
197
182
183
196
190
179
181
181
161
168
166
180
178
168
184
191
166
193
188
171
177
188
158
169
195
174
173
157
183
182
167
173
197
176
198
149
179
171
192
179
177
186
174
169
172
196
172
184
173
178
193
162
185
174
174
177
162
169
185
177
161
200
166
185
188
189
175
155
160
188
179
160
192
172
178
190
192
162
180
176
190
171
191
189
172
176
195
177
179
176
187
186
159
161
184
169
197
185
152
169
184
167
179
171
178
191
160
173
186
167
192
184
175
171
150
174
167
176
179
198
177
214
180
192
190
162
178
177
174
171
160
186
178
171
186
171
152
179
182
178
179
157
190
169
200
161
178
190
199
174
179
179
180
164
199
167
179
187
200
169
187
173
178
162
189
180
183
172
192
165
193
167
200
161
190
190
174
175
179
172
155
174
176
176
175
174
164
170
198
196
201
185
162
182
162
171
173
165
183
173
190
183
172
200
172
160
183
183
175
182
190
175
173
183
174
184
173
192
180
191
179
169
208
181
174
196
164
178
192
185
175
184
185
173
205
178
185
173
160
159
160
177
198
181
208
195
163
181
180
174
193
166
169
176
177
159
185
176
164
198
209
178
163
182
191
183
167
170
159
182
176
182
178
176
164
150
173
195
183
169
195
183
182
168
175
187
173
174
159
180
197
159
187
190
177
165
163
183
172
160
185
186
174
186
180
164
182
165
176
179
171
176
180
175
160
154
169
174
168
193
186
182
182
177
174
171
205
182
194
179
186
185
189
207
168
176
169
178
174
181
200
172
184
160
180
178
175
161
187
186
184
188
177
185
159
176
191
180
181
178
188
182
183
187
186
163
169
165
168
178
185
156
178
184
164
179
177
177
172
179
185
154
177
181
163
179
177
206
179
166
184
166
187
188
190
194
181
177
172
169
186
182
182
159
153
187
199
175
170
177
174
180
173
169
176
168
182
157
170
195
188
164
211
183
171
173
184
190
186
173
174
191
175
173
179
191
178
175
186
172
173
202
155
182
180
181
178
183
182
169
183
179
176
178
180
182
159
178
158
179
163
181
177
183
170
180
172
176
174
174
177
200
165
180
182
187
172
178
198
181
198
175
193
174
186
170
169
176
189
177
199
164
184
189
183
168
193
186
192
186
174
181
166
182
180
170
162
189
187
187
189
159
188
199
212
172
174
179
189
171
184
160
178
184
186
176
183
180
181
181
169
170
179
166
147
200
173
162
185
182
176
160
167
198
162
186
195
181
166
162
184
182
190
185
184
190
176
172
157
178
203
160
165
171
164
152
164
183
169
178
175
218
186
170
175
174
180
201
182
179
172
171
178
176
164
175
161
171
179
186
190
163
172
169
186
175
187
199
190
170
183
158
194
172
197
154
186
162
178
187
164
161
177
178
166
199
174
175
169
190
164
183
163
180
168
172
146
197
170
166
181
172
174
171
174
182
180
191
160
187
183
169
177
160
179
190
163
175
199
193
169
177
166
193
161
189
184
176
189
192
191
166
174
210
149
158
178
209
165
184
162
185
180
193
189
173
159
181
171
213
167
144
211
181
159
176
182
200
176
146
188
167
187
166
165
184
157
175
178
166
174
198
182
166
160
173
201
203
162
169
177
184
172
164
189
181
184
184
192
167
179
176
163
176
175
172
175
194
175
156
176
170
177
163
183
167
196
191
166
188
181
169
189
174
169
182
179
163
180
173
165
180
182
166
178
178
153
188
168
183
189
179
166
171
175
174
194
198
162
179
186
192
182
175
150
168
148
165
211
181
171
190
192
187
169
162
193
170
187
190
173
197
175
171
151
185
170
167
183
172
177
170
181
198
