177
183
174
182
187
195
177
185
186
184
179
177
171
160
195
175
193
163
180
185
164
188
189
206
178
171
198
193
175
180
177
175
177
178
192
191
193
183
170
172
173
184
201
190
192
201
197
178
157
178
181
189
194
175
182
187
185
177
184
203
169
167
193
173
180
168
179
183
196
187
205
181
172
198
177
177
182
169
191
181
198
176
167
179
179
182
162
183
197
185
203
184
184
194
182
190
171
171
200
194
171
156
170
171
174
186
188
183
181
198
177
173
194
171
183
195
191
203
172
195
177
173
169
176
190
184
181
180
168
165
147
176
181
170
193
191
184
160
193
176
185
211
172
178
182
176
191
179
188
170
188
205
172
194
190
171
186
187
179
190
173
182
192
202
196
184
178
192
173
174
198
182
188
168
187
186
189
187
167
197
192
188
173
190
173
176
173
171
172
185
179
182
187
177
174
166
190
199
187
195
186
183
180
194
179
191
195
189
215
187
179
179
195
180
177
176
190
159
190
186
191
176
159
162
166
187
193
185
177
208
192
176
177
185
174
193
185
176
175
190
188
194
205
179
196
172
180
185
188
176
211
194
180
205
178
193
181
172
178
185
195
199
186
187
206
194
173
207
198
176
177
170
167
188
174
215
186
184
155
165
184
158
184
165
171
182
170
176
169
201
193
190
168
169
192
183
180
191
190
175
177
187
178
197
183
198
179
186
187
189
202
176
180
170
179
164
173
185
181
196
175
173
171
166
168
197
167
190
191
163
178
182
186
184
175
171
185
167
184
175
177
187
190
197
177
185
197
179
198
198
195
184
181
176
176
165
186
178
180
211
186
193
197
167
195
186
171
178
171
185
181
197
184
198
184
203
175
186
172
181
183
170
220
182
184
189
163
163
175
193
164
175
161
179
181
194
172
182
162
188
192
180
198
183
178
187
191
189
177
184
181
205
172
190
161
181
189
170
189
184
183
179
188
173
189
182
182
189
174
189
182
203
170
176
195
175
186
187
196
175
174
180
175
174
220
182
192
173
201
173
174
181
175
177
200
206
200
194
192
195
182
189
186
172
163
163
174
173
187
176
172
164
201
164
168
163
179
184
179
179
171
166
190
193
182
185
219
172
173
182
175
170
186
185
186
199
183
185
174
191
172
184
169
202
179
178
175
186
166
203
204
186
194
180
199
164
190
171
191
183
180
171
171
185
172
180
180
181
188
183
179
195
191
174
164
186
160
204
171
199
175
185
181
191
196
192
193
183
167
210
196
191
187
180
180
195
181
176
187
189
152
189
179
189
191
162
187
171
172
183
183
156
179
175
182
193
175
184
182
174
192
177
202
198
186
180
188
177
173
187
167
162
174
197
181
192
181
178
189
172
194
205
180
205
177
183
156
165
198
182
172
172
157
191
170
184
178
194
211
182
201
182
187
197
182
173
170
194
184
197
163
191
193
175
189
166
200
202
184
176
180
199
187
193
184
192
179
190
175
162
184
164
188
185
186
196
191
175
197
185
203
165
182
177
183
159
184
192
163
177
199
203
166
180
180
167
173
187
193
202
178
200
183
159
202
163
172
158
176
170
195
164
179
174
187
168
179
173
181
194
182
181
197
182
182
187
173
209
184
189
198
169
196
160
177
175
192
183
173
167
190
186
196
189
162
182
187
186
199
191
182
177
188
175
198
184
184
159
178
182
171
190
148
202
177
162
175
175
191
177
184
192
189
200
178
194
166
176
197
186
186
190
185
183
190
208
176
184
181
165
173
183
194
174
185
176
174
199
207
175
188
187
167
200
174
188
186
205
208
203
177
175
209
197
188
179
167
181
198
184
185
204
187
192
160
181
157
180
189
184
179
175
177
180
173
192
170
175
193
183
194
168
180
189
202
208
197
199
190
155
173
180
181
204
174
183
188
189
160
184
177
193
169
187
177
204
187
184
177
174
172
182
188
159
203
171
184
180
200
172
185
187
168
187
184
198
178
182
195
171
191
196
185
180
181
162
179
191
183
188
166
196
172
185
198
178
186
158
170
179
190
166
176
193
184
168
188
175
174
165
165
206
169
171
183
186
179
182
158
176
172
187
198
182
188
178
174
172
199
189
181
202
170
182
167
176
177
168
176
175
165
192
189
184
181
176
172
191
191
172
184
190
177
181
166
158
174
172
172
180
177
194
178
174
178
168
172
169
185
186
187
193
172
165
161
192
195
163
183
184
191
170
183
173
211
186
191
189
180
182
187
169
182
204
173
184
159
153
184
204
195
186
186
197
177
182
204
190
181
190
