204
233
205
182
187
190
188
204
187
211
194
191
187
186
212
185
199
180
156
211
216
209
189
191
220
194
183
211
197
215
196
187
183
193
178
186
195
194
187
183
177
198
198
201
193
215
189
181
232
184
198
196
212
184
224
190
208
229
197
183
183
195
165
203
188
195
201
180
187
183
202
229
214
187
176
199
196
188
196
187
204
172
214
208
200
195
177
207
191
212
227
190
179
196
183
192
179
177
216
181
171
189
196
208
200
191
188
201
212
179
192
196
186
192
188
200
209
220
189
195
189
180
209
206
205
213
202
157
180
205
197
201
176
207
194
198
168
217
184
184
196
199
177
168
171
191
211
183
202
186
191
196
183
184
196
194
210
213
213
189
208
213
195
190
223
198
196
202
184
191
180
198
214
224
207
218
206
203
202
214
184
210
192
206
195
190
190
213
192
215
188
181
197
197
212
196
165
183
190
194
185
170
199
220
191
201
206
219
204
200
191
186
203
176
199
197
213
206
202
183
211
196
170
196
194
174
186
204
195
169
207
196
232
202
211
177
202
187
196
177
211
196
202
193
193
197
216
194
186
209
198
195
214
182
200
184
188
205
206
174
190
202
193
188
188
190
195
204
187
188
172
206
191
195
228
205
203
200
210
194
208
193
177
180
205
212
194
195
181
190
187
201
199
197
202
183
181
231
166
212
201
192
243
200
175
188
187
206
187
190
182
193
176
175
184
185
196
181
216
193
206
199
198
205
210
221
185
204
187
191
187
206
215
200
207
203
211
184
195
205
206
172
220
195
206
201
203
185
201
195
208
195
168
202
191
194
206
204
212
198
196
202
196
177
200
218
211
187
171
196
178
193
203
173
202
184
186
191
175
186
215
213
177
218
183
182
185
193
200
205
209
229
194
201
187
188
207
211
188
174
202
209
220
196
185
209
211
201
180
187
191
219
200
223
196
230
185
217
208
194
188
191
191
193
186
190
208
178
202
203
202
187
207
186
193
192
165
202
209
198
191
193
169
196
215
216
193
184
200
169
184
178
198
183
214
212
200
206
211
210
192
167
169
210
211
188
211
203
180
216
223
210
176
187
184
207
180
198
185
176
215
225
176
199
181
183
200
215
212
193
192
208
177
218
213
191
199
206
185
224
191
188
213
189
214
209
214
194
170
195
221
171
194
206
189
203
181
185
191
211
184
203
208
179
183
179
166
179
211
175
197
216
197
197
204
224
190
185
194
173
188
207
208
200
197
185
210
185
184
203
189
192
211
195
217
186
192
198
185
195
184
191
199
207
190
165
183
206
195
191
194
198
193
206
179
213
207
187
200
172
195
197
193
201
199
186
196
197
181
203
216
187
209
211
204
213
185
212
199
179
202
195
178
184
172
188
200
212
158
195
223
180
204
184
175
196
220
179
215
217
181
199
198
217
201
199
198
190
169
199
195
186
217
201
204
183
197
204
191
198
210
156
162
202
196
220
189
209
204
181
193
218
179
209
229
204
188
205
212
198
180
196
186
155
215
205
209
194
199
163
172
197
215
222
203
182
206
194
202
185
214
181
202
185
215
210
194
202
203
215
188
202
197
226
191
175
217
190
175
189
192
192
158
216
194
209
196
202
187
206
168
174
203
171
178
197
182
211
200
215
223
200
182
203
184
204
210
164
201
182
205
172
227
193
223
193
200
217
188
195
219
194
204
180
201
206
177
211
198
176
211
188
197
162
194
173
205
213
229
198
211
178
188
179
193
212
214
186
199
163
191
201
189
182
182
196
189
191
194
210
185
186
209
205
189
224
220
193
188
192
199
200
208
209
158
215
212
182
203
162
203
174
188
185
200
183
184
203
186
209
193
205
199
222
184
192
174
180
178
199
179
191
195
195
201
206
190
210
193
190
176
188
214
202
185
196
223
205
192
190
207
203
198
207
205
208
200
182
207
200
200
202
223
190
185
172
188
211
194
204
195
192
202
200
185
183
178
222
189
205
190
198
195
188
202
200
192
209
174
222
212
176
217
185
204
193
198
206
190
181
197
178
206
178
202
179
185
192
210
204
186
195
198
205
196
200
206
223
217
185
155
211
174
183
180
181
196
210
202
207
178
165
215
178
210
174
195
202
196
229
192
178
183
184
216
213
207
214
207
196
192
200
206
184
196
191
208
214
195
201
213
216
180
186
214
186
198
173
200
188
194
174
234
187
180
176
181
194
206
200
206
203
183
196
183
187
166
194
191
188
185
183
209
207
190
204
213
174
172
222
195
188
211
183
158
194
206
193
190
182
