921
909
898
930
937
915
926
937
909
906
930
931
925
913
920
918
908
933
909
917
909
914
927
904
924
918
910
918
926
937
920
914
924
919
929
913
913
940
922
916
918
911
918
903
913
930
915
922
911
936
923
941
910
925
922
917
932
927
915
943
927
921
930
918
917
941
915
908
925
935
910
893
916
911
921
920
916
904
917
923
904
895
928
913
930
917
924
916
915
917
917
929
923
927
915
932
914
911
919
921
915
919
916
923
930
928
922
907
920
921
919
917
914
925
916
914
913
918
919
941
916
922
925
924
915
908
923
942
911
916
918
915
909
911
911
928
946
931
926
919
910
932
934
931
922
936
907
934
929
903
905
920
913
915
907
909
932
936
912
929
917
915
932
910
913
915
928
912
925
913
921
897
912
927
923
914
927
939
912
933
928
913
919
911
914
903
930
899
926
928
915
920
917
910
918
924
934
906
922
918
923
922
913
910
918
911
937
921
922
918
923
917
901
934
908
915
919
915
929
933
920
928
928
924
928
925
922
919
917
917
907
914
913
901
911
910
931
917
921
927
926
922
919
924
911
903
912
930
903
930
920
901
906
912
899
905
924
923
907
932
924
923
925
917
918
931
936
911
912
913
916
913
940
916
919
921
915
936
924
926
899
913
908
929
932
935
923
934
922
931
917
909
923
919
914
915
907
911
918
920
931
904
928
924
929
931
913
941
918
913
934
919
904
909
923
930
931
924
912
907
937
904
921
929
910
920
919
907
902
925
915
918
916
930
916
927
927
929
921
915
931
913
926
926
923
924
924
908
922
920
936
917
901
919
932
937
922
907
909
898
912
940
915
925
905
916
919
903
911
900
907
928
919
926
921
910
911
909
915
930
920
917
922
917
922
929
928
912
899
943
906
923
921
929
905
914
914
916
911
920
922
915
904
916
915
917
899
927
919
905
902
921
904
920
912
930
906
923
910
921
929
910
923
913
914
923
898
915
933
927
914
934
922
911
908
914
914
908
920
927
917
928
925
930
915
921
929
945
939
919
918
927
913
908
919
925
916
936
922
931
904
918
917
917
912
912
928
921
923
908
909
908
914
905
902
898
914
909
923
915
925
906
931
918
899
909
907
921
914
930
909
916
905
924
917
909
931
940
917
929
912
916
914
913
914
909
927
929
925
910
920
923
916
928
912
932
930
922
903
924
930
930
919
911
912
901
922
921
925
933
906
927
920
916
916
920
924
923
918
912
922
914
915
928
913
931
928
906
917
923
925
922
916
924
935
940
931
943
905
931
914
927
917
917
925
916
920
915
904
906
918
917
913
926
929
928
923
936
906
931
920
921
907
935
921
937
908
921
910
915
906
901
906
905
921
905
912
914
912
951
918
914
912
919
918
934
915
928
933
912
912
927
915
928
902
939
939
931
917
924
924
909
917
928
919
908
916
919
908
912
909
933
946
904
918
939
916
915
922
910
930
921
945
926
912
909
919
916
933
930
929
929
931
923
901
918
917
916
925
921
900
913
914
916
934
931
938
927
906
912
920
917
912
911
904
934
910
918
911
902
908
922
906
915
923
920
910
915
934
927
910
905
916
941
936
935
914
926
937
918
911
918
909
916
926
919
916
919
914
907
921
918
925
929
938
921
910
929
906
917
942
917
911
916
915
926
916
916
929
923
919
921
928
935
919
906
925
930
910
910
921
936
920
908
913
931
917
920
912
913
916
926
915
923
925
939
909
911
912
940
907
911
912
927
920
911
930
922
917
926
899
919
913
926
923
908
907
930
918
929
921
923
917
910
915
905
901
910
933
904
907
911
920
932
924
946
920
922
913
920
912
909
920
924
925
915
919
916
929
923
930
919
913
903
925
914
925
929
917
914
911
943
907
910
925
916
916
919
919
930
924
915
921
924
915
923
914
918
920
911
905
927
922
917
906
912
920
924
926
936
908
924
895
928
916
936
906
926
918
924
905
914
915
926
934
926
922
919
935
919
938
909
910
898
906
908
924
920
917
924
919
906
911
923
927
908
924
933
918
911
934
926
921
915
922
912
911
918
904
926
913
939
920
934
907
912
924
920
948
902
911
928
918
922
907
908
925
935
936
928
920
933
915
930
930
918
939
910
902
932
918
919
917
951
920
922
916
930
921
920
921
908
928
921
902
924
936
914
909
928
926
931
925
911
935
906
908
896
941
915
935
929
912
914
923
911
922
900
914
927
936
912
908
915
912
935
925
906
917
911
919
912
913
905
941
936
937
917
922
924
917
905
912
902
913
931
935
922
933
923
