684
680
704
674
723
684
681
678
675
696
698
707
681
684
697
691
706
673
672
696
687
682
686
682
674
670
686
680
668
679
687
685
699
692
698
712
678
696
683
668
679
678
677
692
676
703
684
682
655
680
674
668
674
690
675
715
719
700
681
690
678
687
691
700
681
673
701
679
691
699
670
694
712
683
694
678
695
675
683
678
695
697
692
695
678
703
702
678
704
704
681
679
681
679
670
672
681
687
697
687
703
672
658
692
681
682
682
675
691
687
707
673
684
682
683
688
686
687
686
681
684
690
687
707
716
688
679
701
678
691
686
706
671
679
679
705
677
693
683
699
699
678
671
674
698
672
695
699
669
660
691
675
673
686
690
694
686
687
667
677
677
660
673
676
691
677
683
696
692
689
672
690
681
673
680
690
675
670
682
686
682
679
690
692
688
691
677
694
690
677
679
697
690
681
682
677
677
697
690
677
673
697
689
683
681
689
691
682
696
697
693
678
701
668
695
698
710
679
672
697
707
679
707
702
700
678
667
684
677
708
684
696
695
692
691
713
705
693
683
684
677
672
698
677
691
674
681
689
682
680
675
684
668
695
687
694
670
679
691
693
691
654
666
682
692
669
682
679
685
710
678
689
687
686
674
695
699
705
679
700
695
682
716
707
690
697
685
677
681
703
702
664
684
685
674
693
677
679
688
712
694
686
684
690
653
667
695
704
681
698
663
708
692
675
687
702
683
673
691
692
692
687
665
678
677
706
694
690
663
689
685
692
707
685
678
678
689
701
703
681
665
699
667
680
690
671
686
697
664
681
696
673
684
694
698
668
665
692
676
686
684
695
679
690
680
699
690
680
671
667
711
695
678
671
667
668
701
683
691
673
689
681
697
689
689
678
676
676
683
698
681
701
700
671
696
689
683
692
688
676
675
683
698
680
684
677
684
682
668
705
687
697
682
690
674
683
672
676
683
680
670
702
696
688
699
686
694
685
688
692
685
708
692
690
681
657
693
676
714
684
696
669
671
693
696
694
681
672
681
671
678
693
699
670
690
697
690
699
683
693
678
671
685
673
665
703
689
696
716
665
679
682
684
687
677
699
665
675
678
696
695
692
693
679
679
699
684
724
671
676
663
665
694
683
677
701
698
681
692
666
685
699
691
692
692
671
694
672
666
719
690
691
691
691
672
672
679
674
692
688
691
678
678
677
683
701
696
693
687
682
679
704
684
692
693
676
676
680
678
672
700
692
675
683
696
707
692
685
681
679
699
682
692
670
690
698
705
692
697
686
677
688
703
698
686
689
687
675
679
679
683
670
669
675
694
681
680
683
707
696
669
674
680
699
702
687
682
676
678
699
663
670
682
693
687
676
689
660
676
673
680
679
698
696
699
684
694
676
722
686
693
691
679
691
686
682
673
698
689
679
681
681
700
671
680
680
663
705
672
689
688
678
691
687
675
685
695
697
691
687
691
686
678
668
700
689
682
677
697
687
691
685
682
684
687
673
697
678
675
694
696
676
677
724
673
669
682
683
695
691
687
700
697
692
687
698
677
686
687
712
689
700
695
682
687
675
671
684
714
685
687
655
667
685
684
679
698
717
689
696
690
667
692
675
679
677
692
693
654
680
671
684
681
688
710
699
678
707
705
688
695
680
673
674
665
702
698
662
702
690
673
687
660
693
679
666
683
696
675
687
706
688
686
678
679
698
680
694
698
688
693
691
686
699
677
673
674
693
666
681
667
689
708
704
681
697
697
686
690
693
701
665
699
695
691
685
669
694
695
693
700
672
680
706
694
691
695
693
703
691
676
683
679
675
693
690
684
673
691
675
687
694
692
680
699
682
680
699
675
686
697
680
664
688
691
692
688
687
674
663
692
704
684
698
702
688
700
684
692
661
665
663
688
682
681
685
672
697
686
681
700
685
661
696
685
687
674
698
675
696
690
687
691
683
698
681
688
693
673
685
682
691
669
667
680
683
700
693
697
683
698
694
696
686
680
676
679
700
666
677
664
688
695
688
683
675
684
678
692
685
697
687
706
677
698
683
672
682
693
708
706
669
688
691
675
692
672
698
688
697
685
694
697
670
686
688
686
673
697
690
685
669
692
669
682
685
678
673
688
712
702
688
680
690
690
696
702
679
688
705
674
705
705
683
688
692
699
670
681
693
678
669
674
690
701
677
685
689
680
692
675
689
679
689
682
686
674
676
680
691
706
699
681
673
682
700
718
673
692
668
671
694
690
724
679
678
694
679
686
692
680
691
700
684
683
679
696
699
669
686
