203
176
194
169
213
182
170
212
178
171
182
175
175
183
186
181
188
213
176
187
198
187
180
175
166
206
197
189
191
165
187
173
221
175
231
184
168
175
200
182
181
183
182
179
173
191
171
162
196
192
179
179
166
234
192
168
169
201
190
175
192
178
170
187
192
189
179
182
182
184
201
186
175
180
194
198
185
182
173
183
185
202
189
187
194
167
186
189
180
185
176
188
213
194
182
186
202
197
199
187
189
193
197
217
177
183
197
176
181
163
166
181
175
198
191
193
171
173
175
209
194
189
183
191
180
165
186
184
171
171
170
177
158
210
191
170
202
197
179
170
197
185
179
178
179
183
192
181
184
188
191
175
166
190
179
189
190
178
171
173
166
205
167
172
171
177
175
180
177
184
166
195
191
178
202
200
177
179
184
200
191
171
173
164
187
219
184
205
200
175
179
201
165
171
177
170
204
191
184
170
185
185
201
199
165
182
193
198
181
184
177
182
209
189
203
167
180
190
193
199
199
210
195
182
199
186
176
182
196
186
170
191
171
193
184
174
185
172
169
164
200
192
172
179
184
166
190
196
189
184
173
189
172
175
169
225
194
207
180
187
184
163
219
198
206
172
177
185
183
203
201
171
188
176
208
182
168
202
178
179
174
172
212
191
206
189
178
180
174
183
202
181
194
185
198
173
202
179
182
193
184
180
188
183
167
190
188
162
179
190
183
197
219
192
188
186
179
190
188
185
186
188
212
194
187
188
195
173
164
201
204
172
193
182
174
197
193
193
172
192
180
201
194
161
176
183
208
172
177
168
182
189
183
175
185
214
184
228
183
175
174
183
197
160
208
192
187
188
183
180
203
197
198
179
188
209
177
208
226
184
173
195
190
200
184
182
176
168
206
181
179
174
166
175
195
190
209
186
188
157
179
212
194
182
210
174
181
196
174
173
190
203
191
200
214
185
199
170
175
178
206
205
171
170
211
161
166
202
182
194
177
186
180
202
187
180
185
180
196
189
191
172
184
207
171
216
197
200
183
200
158
180
186
173
178
191
182
230
186
183
190
181
181
192
176
195
181
197
191
216
169
196
178
166
179
196
192
194
197
196
176
199
167
203
185
177
164
198
188
180
199
201
171
189
179
180
170
180
154
189
193
187
203
173
196
169
198
196
177
189
172
167
185
184
186
178
189
168
178
177
188
163
187
193
188
183
162
203
191
174
183
174
181
171
189
174
172
191
173
185
182
172
175
175
175
196
184
185
198
204
201
179
193
220
180
164
176
167
190
205
225
189
181
193
176
193
217
179
184
169
184
184
186
200
186
182
187
190
208
174
171
196
208
179
188
195
209
182
197
172
179
166
172
193
184
175
200
169
188
186
189
184
194
199
214
206
190
184
182
172
176
177
178
169
197
177
163
166
186
175
175
190
205
183
184
173
175
158
168
194
174
174
186
190
207
171
189
184
179
196
171
179
159
187
180
187
169
201
199
193
168
176
188
178
192
197
173
184
203
179
176
194
195
168
166
178
196
186
193
173
177
174
180
172
172
174
183
186
189
210
218
173
184
198
189
191
178
173
187
203
193
172
180
181
189
176
208
174
172
186
176
184
178
187
166
193
185
195
204
193
203
195
171
203
192
215
185
166
178
178
192
204
169
193
190
186
226
186
181
177
183
197
208
177
191
199
195
164
177
184
181
191
171
180
191
204
193
165
203
181
161
177
163
166
192
205
181
206
178
188
172
191
196
162
176
193
184
191
172
186
185
188
184
164
162
175
180
158
191
159
192
171
169
179
184
168
178
189
192
177
175
206
179
172
207
181
191
183
191
169
181
172
179
198
199
188
171
185
203
172
198
201
172
188
184
177
184
191
164
181
178
198
169
185
172
180
194
173
193
168
180
184
173
186
194
224
173
169
170
187
210
188
190
178
167
179
194
180
173
183
189
187
182
223
174
159
176
192
162
180
193
199
172
206
210
178
168
174
166
190
176
200
190
186
182
189
182
181
190
176
182
179
179
196
165
211
196
191
210
170
206
180
188
202
192
151
169
165
196
190
193
174
200
158
175
202
200
223
194
185
174
184
182
169
176
187
217
187
210
192
189
178
181
172
208
180
175
197
218
178
178
194
183
189
163
177
178
195
187
190
186
215
208
178
171
221
186
198
200
216
195
172
179
190
207
187
179
198
174
201
190
178
218
166
185
174
187
183
159
200
203
176
177
179
185
196
164
204
180
167
195
173
165
180
163
190
183
203
175
194
174
206
178
197
164
194
198
193
193
189
