182
180
210
185
193
164
164
177
194
183
224
176
179
169
237
178
181
202
184
184
161
169
189
218
150
188
210
175
206
210
193
202
170
183
197
197
180
179
186
183
213
168
211
193
180
186
187
207
192
188
177
182
185
176
189
191
185
184
184
189
195
208
161
178
174
170
201
175
181
221
191
177
168
169
212
185
186
186
191
182
167
211
207
191
194
207
166
184
187
195
172
192
192
222
187
176
189
181
161
186
168
207
195
176
186
202
175
163
187
220
171
181
214
170
168
159
157
178
173
171
190
179
178
214
190
171
185
190
174
174
182
196
188
187
167
193
189
156
221
198
167
206
171
197
185
193
201
175
196
198
205
186
177
175
197
196
188
174
171
182
193
192
179
186
170
169
189
196
185
188
177
195
176
175
176
209
168
179
176
179
170
181
196
193
189
177
183
190
167
196
218
178
191
175
163
187
194
202
184
180
205
173
190
210
184
172
189
171
206
182
160
187
193
166
190
174
165
203
184
181
179
213
181
180
198
175
187
176
194
179
198
180
192
189
182
184
192
177
175
194
190
187
206
173
182
186
190
181
180
169
186
194
188
157
188
228
177
207
188
207
177
171
196
185
195
196
184
177
190
188
196
197
193
191
187
173
189
189
182
180
211
198
161
192
193
173
171
181
183
175
214
178
179
175
210
191
179
188
184
194
213
173
188
204
206
167
197
182
174
210
179
180
186
196
171
208
181
201
186
199
162
172
175
187
175
174
198
171
217
184
207
190
187
180
178
183
195
183
194
191
195
177
209
163
180
187
168
173
183
185
180
163
177
196
164
201
191
168
201
193
194
188
169
182
213
195
185
206
185
180
183
217
177
169
182
168
218
184
191
163
177
193
166
187
178
208
183
195
176
160
199
205
208
176
175
193
174
194
183
200
185
184
180
172
166
172
209
193
209
194
183
177
189
184
172
167
180
191
201
188
178
184
193
163
181
175
169
179
190
204
204
182
192
187
175
183
169
173
183
177
195
186
187
236
185
232
220
188
174
182
195
183
189
199
197
217
183
169
180
168
204
184
174
198
194
170
202
179
218
171
179
188
187
172
192
180
170
193
186
200
194
182
171
186
174
164
190
209
186
194
186
207
199
191
178
176
208
174
174
171
197
184
177
183
172
198
182
197
214
190
174
173
183
196
172
210
202
201
171
203
174
201
199
196
175
191
168
174
182
179
172
184
171
186
183
186
168
209
175
172
194
189
194
175
181
188
187
196
186
189
182
173
175
183
189
216
176
176
193
178
187
162
193
188
200
185
189
193
180
169
194
191
207
181
186
195
185
172
189
182
164
211
195
188
202
170
215
184
173
184
178
165
196
175
205
208
173
189
180
179
193
205
202
207
183
163
182
198
189
187
189
188
182
185
186
181
173
179
189
181
179
203
180
212
192
181
187
162
210
169
213
191
191
179
183
169
172
195
182
220
193
223
173
172
171
183
200
187
172
189
177
185
170
178
192
194
194
206
185
187
188
197
190
178
184
187
184
180
206
158
174
203
177
160
191
200
191
175
194
196
186
195
190
201
172
201
214
191
191
183
188
168
197
181
184
178
185
198
183
197
188
169
195
192
168
194
203
178
204
191
166
199
174
194
204
185
189
197
173
186
177
206
178
194
185
188
191
168
167
188
180
167
169
207
233
220
174
196
180
180
185
217
199
182
185
178
185
183
172
186
175
182
204
187
194
167
158
183
176
176
215
229
184
212
192
182
178
180
187
204
191
172
180
229
167
181
188
186
188
212
176
197
193
191
174
175
149
189
181
160
172
239
181
183
198
209
181
180
193
180
188
189
187
174
198
176
183
192
199
191
171
175
182
193
197
207
181
202
204
181
180
173
192
196
202
171
180
189
154
180
196
167
182
217
186
174
173
217
199
180
175
158
170
187
188
187
186
178
179
161
193
196
179
174
189
189
187
222
175
189
172
187
184
189
179
193
187
200
187
180
185
181
211
170
203
184
190
184
189
190
169
170
187
193
204
210
183
161
172
207
210
179
182
192
168
188
189
189
192
172
178
209
167
168
194
210
191
201
188
171
177
197
191
175
187
196
191
202
171
174
183
183
181
162
182
169
191
206
172
168
183
170
200
197
175
173
166
180
172
196
214
167
185
219
181
174
181
181
183
188
182
188
181
187
175
189
190
176
168
178
179
164
161
187
172
166
180
182
187
186
180
166
168
188
187
224
181
204
181
201
168
180
181
206
181
198
166
168
201
189
214
189
197
196
198
155
199
176
180
185
