195
192
206
211
193
201
194
183
187
186
205
209
201
180
203
192
198
204
202
200
213
207
207
185
175
189
206
204
176
195
202
225
200
179
216
210
191
210
189
178
190
194
189
217
210
187
189
221
189
225
194
201
188
186
202
207
207
205
190
168
208
189
197
174
193
205
194
200
198
207
186
198
187
210
190
174
194
191
192
193
204
208
203
204
193
186
191
175
205
183
182
188
198
209
206
173
193
197
196
188
199
201
200
180
212
200
172
204
204
199
187
201
197
177
195
206
204
197
203
210
191
208
191
176
194
194
167
191
194
202
190
185
200
198
181
189
172
194
193
191
199
201
204
175
194
196
196
196
203
190
200
184
197
196
191
199
183
192
170
216
216
191
188
203
184
185
215
215
167
184
202
218
182
206
216
207
185
200
209
205
190
195
192
214
178
185
193
188
208
192
193
202
195
197
175
191
174
224
199
201
197
184
217
171
181
214
204
179
198
190
189
189
177
199
195
186
186
202
218
220
196
205
209
176
177
189
174
208
208
172
194
201
208
208
171
205
196
187
212
190
195
198
193
183
174
193
201
194
214
183
202
213
190
207
187
186
197
196
204
189
194
176
193
204
220
195
205
195
189
197
222
200
192
205
190
192
204
174
179
189
204
198
204
211
190
190
186
193
212
201
192
218
187
207
184
201
173
187
168
197
211
196
188
181
209
210
197
189
186
190
215
179
217
188
195
208
191
191
189
215
199
219
212
201
189
185
205
196
193
183
195
219
203
212
207
183
185
213
185
158
196
182
197
199
205
191
192
180
192
184
185
201
209
195
200
200
187
203
203
210
190
198
186
194
194
208
205
190
216
214
201
194
190
230
189
195
182
194
189
193
210
185
208
195
212
200
202
185
201
202
215
207
197
192
202
210
180
198
188
187
196
200
200
177
162
209
194
200
187
206
214
199
209
194
200
207
215
190
209
196
192
178
181
212
194
213
189
187
204
202
187
208
183
205
215
202
217
212
225
209
223
202
188
222
181
199
195
196
207
187
177
199
175
211
197
207
216
205
207
205
182
194
211
203
189
201
221
192
191
206
200
199
216
185
188
215
184
169
178
208
198
190
200
180
196
200
206
215
197
189
190
192
168
187
190
197
189
186
210
209
218
224
181
186
170
204
192
171
219
179
179
182
202
203
190
191
204
179
187
179
194
209
175
187
191
197
210
191
194
197
201
198
198
188
220
199
208
200
179
196
206
183
195
201
186
201
203
182
203
190
193
179
170
217
172
207
187
165
182
186
209
209
185
176
170
226
194
189
180
202
199
192
186
200
208
209
226
206
209
180
203
178
196
197
203
220
204
174
176
188
196
196
199
215
184
198
207
198
188
201
197
190
184
206
196
205
211
203
183
206
202
209
185
213
183
182
202
181
202
214
199
205
202
184
200
177
198
191
203
202
195
170
177
182
215
184
207
200
177
191
204
194
220
189
207
202
214
186
192
199
183
213
207
211
203
200
203
219
187
209
177
191
186
189
211
203
218
188
184
182
188
209
195
179
188
196
196
183
255
195
193
197
197
202
207
206
177
189
197
181
177
206
207
193
202
181
223
218
199
185
182
185
200
192
187
215
175
191
204
201
199
214
197
192
196
205
203
190
217
208
211
189
204
210
191
215
186
214
209
197
168
195
203
208
193
206
196
201
198
199
187
185
193
183
185
191
189
210
206
187
197
174
183
209
194
183
180
192
206
200
207
201
218
171
195
202
214
193
197
196
196
186
204
190
184
206
194
209
190
197
191
186
195
181
215
195
202
190
204
190
210
204
186
186
216
186
200
190
184
188
201
209
187
185
202
208
215
180
176
183
197
195
181
227
195
189
201
211
194
182
186
208
199
213
200
199
190
221
186
195
192
194
199
202
215
217
200
201
187
197
198
200
221
200
191
191
204
179
198
211
201
191
202
201
199
215
192
188
196
196
180
216
189
199
202
191
196
219
187
185
180
214
210
193
182
172
185
191
182
166
176
179
195
170
182
192
198
192
215
187
176
211
187
175
211
199
207
219
192
179
185
181
208
193
204
194
194
201
174
189
195
189
188
189
218
181
190
181
198
204
201
191
177
174
213
188
178
205
189
193
174
210
204
221
192
209
189
183
188
181
173
218
184
178
191
192
191
208
192
201
215
219
185
197
194
185
197
187
226
186
191
190
215
193
179
209
191
199
194
188
208
183
202
189
165
188
183
215
204
192
215
204
196
217
191
193
215
189
173
182
201
189
194
187
195
216
187
182
178
202
