187
197
163
185
171
191
200
150
172
195
179
170
196
177
180
175
157
186
186
175
180
171
192
171
174
184
193
163
174
167
183
181
195
206
177
172
175
178
170
194
195
183
175
194
155
186
180
206
154
189
172
154
193
191
180
158
213
196
191
155
166
189
182
193
176
158
161
167
165
196
156
181
171
162
165
159
192
186
157
175
187
190
166
174
171
185
164
184
168
192
173
164
152
191
193
166
166
174
180
187
239
177
183
198
171
172
182
161
183
190
178
160
147
211
196
184
185
214
181
160
197
189
176
174
193
163
177
169
218
155
167
182
202
196
181
181
169
178
170
165
191
192
164
182
186
164
177
196
177
206
207
175
166
157
187
171
183
186
178
158
187
196
185
173
180
169
157
163
205
164
188
160
179
170
174
180
187
169
168
190
161
170
171
175
160
180
188
161
187
176
167
181
184
202
198
155
192
155
182
180
167
175
183
183
161
163
188
202
190
229
171
164
193
185
163
187
177
177
166
195
174
159
158
169
176
176
151
179
198
161
172
179
203
166
159
167
169
163
184
165
173
169
167
182
172
170
190
192
191
184
183
177
167
189
190
178
193
159
181
165
216
196
147
169
157
170
195
194
199
202
187
166
176
175
173
167
177
179
157
182
181
183
211
162
155
172
185
165
180
179
196
153
205
181
167
191
177
195
201
196
166
159
176
221
167
181
190
179
198
185
183
189
187
162
181
181
162
178
171
167
168
205
202
183
177
176
174
178
184
202
196
163
178
179
168
223
178
181
183
159
164
176
149
174
172
166
164
173
187
172
181
166
181
173
174
168
160
161
154
166
177
180
193
185
171
183
162
169
187
180
185
164
174
192
179
181
169
176
191
215
182
200
167
166
187
174
202
164
163
198
159
182
173
178
171
171
151
167
173
183
165
178
178
162
187
165
209
181
175
180
177
207
166
183
193
153
191
200
168
184
179
166
180
184
198
188
191
189
187
184
166
198
172
164
156
191
198
204
170
189
169
174
166
180
166
160
172
149
173
192
188
188
149
182
175
198
182
163
189
152
168
177
170
196
184
187
173
158
183
197
171
157
171
165
180
181
197
164
183
200
168
175
191
164
188
160
170
179
172
186
181
181
161
178
185
179
167
166
178
180
152
186
180
178
158
214
168
189
169
167
190
163
175
180
176
194
194
195
178
173
169
176
155
194
183
168
160
149
190
182
184
165
182
164
189
189
171
180
175
212
161
176
164
156
181
162
169
163
167
168
182
191
164
168
167
176
178
203
176
215
178
160
172
160
194
150
177
183
165
169
173
170
172
179
182
187
159
197
171
221
182
205
174
177
190
166
173
218
198
170
159
189
167
176
169
186
163
172
206
171
149
160
179
186
194
174
158
177
188
182
180
164
168
169
181
199
165
172
184
173
159
166
184
179
201
169
175
171
173
176
182
209
181
204
173
185
178
157
184
171
185
199
156
208
159
187
178
178
211
177
169
166
183
185
183
183
201
171
158
151
177
179
176
154
168
178
194
155
172
168
195
178
161
203
181
177
173
178
172
199
165
157
172
192
176
189
161
147
191
165
161
163
177
173
170
185
186
189
178
178
207
189
167
191
196
180
191
172
179
190
185
180
175
180
183
164
159
162
171
210
163
157
202
168
163
160
180
213
177
159
165
170
152
176
171
184
173
197
165
185
178
174
168
179
177
205
177
153
155
186
193
178
157
173
200
170
185
168
171
172
169
180
161
174
173
187
158
199
164
219
182
159
173
163
198
192
209
201
166
186
173
187
169
176
194
165
187
184
183
210
167
173
198
155
186
226
188
189
195
186
183
177
179
190
183
167
192
156
189
191
177
156
200
176
173
169
187
185
170
175
165
180
192
180
175
178
167
187
188
191
184
169
182
181
165
176
175
185
168
185
170
164
177
200
164
173
193
176
168
187
177
198
185
175
194
177
196
169
157
177
167
205
202
173
172
167
145
169
196
155
207
190
183
165
182
171
174
209
167
186
167
169
169
208
183
176
164
186
157
177
174
170
170
184
182
184
173
187
171
186
171
163
152
167
164
178
160
157
168
178
187
181
174
167
185
197
191
168
186
188
196
160
173
168
198
170
193
171
167
170
183
187
171
188
171
174
180
172
184
194
175
195
175
172
158
173
178
163
196
197
166
164
164
180
221
160
177
152
148
163
163
211
172
188
194
177
165
201
164
183
179
163
156
195
166
165
172
193
165
182
179
178
195
214
160
185
175
144
153
185
170
186
167
165
163
167
184
189
172
171
