185
223
210
191
196
187
194
214
185
216
208
202
187
189
200
215
183
190
176
200
204
218
186
202
211
183
180
170
176
194
202
209
170
202
210
211
187
181
196
185
218
186
208
199
192
198
211
178
211
189
192
199
187
171
172
191
203
196
190
199
172
211
205
203
211
184
167
194
189
202
227
210
175
176
200
207
180
212
201
205
184
193
169
192
195
187
192
176
198
226
171
185
198
176
191
192
168
199
187
189
177
213
190
167
177
186
232
193
215
226
216
196
210
196
167
203
189
202
191
196
191
200
200
203
155
182
182
202
232
178
204
192
199
203
188
190
221
221
185
176
188
191
197
211
177
214
207
223
187
190
197
226
223
201
183
192
177
201
204
217
184
209
195
187
186
203
173
196
196
183
189
189
207
174
194
245
196
186
176
171
199
188
196
167
195
198
208
208
204
185
199
212
193
204
204
220
172
190
199
185
185
196
185
187
220
185
192
203
195
225
201
210
180
182
197
186
197
200
194
210
207
203
187
196
213
190
182
204
201
198
205
185
182
197
184
209
211
196
221
218
207
199
206
182
196
192
190
223
189
214
184
183
182
190
207
174
180
220
185
186
196
184
206
210
203
188
201
201
181
166
185
188
197
183
186
198
197
181
209
215
184
204
201
197
178
182
220
189
208
193
183
193
207
174
182
202
184
195
189
197
200
208
174
180
199
208
180
211
199
205
196
191
192
194
179
203
210
172
204
198
182
199
176
187
193
197
185
180
209
199
190
197
187
185
195
200
175
216
193
225
179
194
208
190
160
195
220
209
197
203
213
203
172
199
197
209
187
196
191
179
234
200
190
218
165
178
199
196
194
202
213
211
188
215
201
195
212
185
191
190
207
196
211
205
198
210
196
188
182
195
200
199
167
195
202
194
183
189
193
204
193
203
194
182
205
201
193
218
193
183
194
212
185
225
197
185
190
199
196
199
199
192
227
205
212
210
211
183
202
204
208
207
183
183
195
213
196
213
178
185
210
183
197
201
182
183
206
195
201
218
208
224
228
181
183
195
187
194
199
192
192
206
181
174
192
201
196
188
192
192
198
189
203
176
198
184
179
183
190
210
195
210
192
195
225
222
177
189
188
202
210
189
217
184
194
206
199
215
205
216
194
190
201
212
186
199
188
207
222
211
199
201
205
211
213
182
171
196
199
184
206
200
212
202
184
180
209
193
194
187
187
183
211
195
186
194
197
194
196
191
217
181
184
197
167
189
200
185
208
185
207
223
176
190
209
195
212
192
194
200
189
187
176
191
216
213
174
192
206
181
213
172
226
189
203
189
182
214
176
210
213
189
213
203
200
180
186
199
215
230
173
203
228
190
188
204
203
190
208
207
185
207
203
221
190
207
213
203
191
186
205
211
194
203
199
205
201
182
197
199
188
197
199
211
212
199
194
194
194
205
188
185
214
208
184
176
220
201
182
189
210
204
183
210
188
197
195
202
186
207
199
200
208
170
188
179
158
205
179
192
178
199
193
210
189
200
204
211
208
207
165
193
207
205
203
194
185
204
195
192
172
172
188
221
228
180
182
177
205
199
187
200
193
205
205
188
200
204
207
197
191
205
192
178
202
181
204
211
187
223
191
221
179
199
205
200
205
178
176
188
193
180
184
220
179
183
196
177
200
198
182
197
196
194
211
182
205
208
190
186
193
184
203
234
190
206
194
213
196
208
204
200
210
226
224
171
209
182
166
216
176
178
214
180
207
179
179
183
198
205
172
198
165
204
189
208
190
220
199
170
178
205
203
192
167
175
176
186
204
193
204
204
188
185
171
184
216
189
191
195
198
184
186
200
206
178
196
176
223
232
187
177
198
220
203
220
185
209
193
195
219
200
190
173
198
196
192
215
181
185
212
197
188
197
237
196
176
178
188
186
200
230
201
218
208
191
207
194
177
190
184
204
194
181
204
198
206
193
210
191
173
185
192
178
202
184
182
238
211
179
213
183
203
199
210
166
216
186
216
204
209
191
208
206
195
201
210
215
197
204
200
203
195
214
189
192
188
198
213
214
198
200
204
194
198
187
191
213
187
196
209
195
187
208
204
224
179
187
188
193
194
207
203
200
177
210
186
205
214
195
196
198
170
188
200
198
200
193
183
224
201
198
203
201
211
193
188
187
189
208
197
200
181
188
184
180
219
211
194
204
187
195
191
181
210
204
198
204
193
177
205
182
184
206
198
191
210
212
200
172
182
178
191
174
171
184
210
193
185
182
170
180
211
205
180
174
194
203
199
234
