194
189
176
175
197
185
182
181
197
179
180
209
165
187
164
168
199
170
199
201
181
195
176
205
203
164
176
195
167
186
170
189
198
189
176
174
204
199
192
176
178
165
161
204
174
162
196
166
190
164
208
162
183
166
175
186
186
191
183
191
177
191
179
153
187
175
177
197
181
179
174
175
166
197
183
190
181
190
150
178
181
160
190
173
162
177
219
200
176
194
196
173
162
182
195
189
197
205
191
207
204
167
178
192
188
192
192
186
171
177
194
212
189
181
182
166
188
180
194
158
176
169
167
177
191
170
184
182
172
182
199
187
175
159
190
191
178
163
185
180
210
175
176
185
150
178
204
179
179
185
165
175
209
181
174
179
169
160
180
189
188
170
161
192
183
199
195
159
176
161
160
194
169
170
171
187
178
171
182
186
186
184
197
188
178
186
188
184
180
186
186
184
173
180
175
193
184
199
176
180
192
162
167
179
196
160
199
204
193
192
159
172
173
176
166
201
181
184
192
172
161
196
181
184
174
168
176
188
199
193
183
157
190
173
175
177
184
170
209
168
186
154
179
178
190
189
204
192
159
197
173
180
194
171
175
182
183
176
176
169
179
191
174
180
177
178
201
173
182
168
179
172
164
180
179
180
195
173
188
165
177
191
182
182
170
179
185
165
170
171
191
200
173
172
179
176
166
208
170
182
172
200
175
179
184
181
197
186
202
185
200
177
197
176
194
185
182
183
166
177
190
170
177
180
167
201
182
181
182
171
187
169
184
174
183
185
187
166
192
164
185
185
203
175
180
177
183
207
170
182
184
178
186
194
189
185
208
180
192
174
181
187
193
171
181
179
172
176
200
176
188
199
184
193
176
188
186
188
187
161
192
191
178
181
177
199
182
184
190
164
196
179
173
180
172
176
188
185
200
194
171
172
185
184
203
186
211
193
175
193
184
199
175
187
182
167
176
153
187
175
212
174
184
194
174
185
178
180
178
187
183
170
169
194
178
180
194
182
170
190
177
196
196
178
149
185
185
192
185
177
190
180
174
175
181
177
185
182
174
168
176
165
182
172
172
181
176
189
187
186
213
173
171
177
180
183
168
193
180
195
159
190
174
167
193
177
196
161
163
186
164
201
166
172
191
182
169
188
182
195
180
187
190
165
188
192
174
180
190
175
204
182
178
154
194
179
181
195
185
183
190
173
188
188
179
188
182
191
181
177
200
196
162
189
179
173
184
182
183
183
184
201
182
195
174
162
172
177
190
159
178
177
189
198
173
191
207
178
185
173
183
172
172
178
190
176
177
174
195
193
192
172
194
173
167
197
163
198
188
178
162
187
183
174
209
179
165
185
187
200
164
207
180
175
183
186
188
173
203
177
197
191
175
184
201
188
165
160
182
174
177
186
184
193
173
184
184
182
194
179
181
192
187
176
166
192
172
175
213
163
178
188
172
195
212
179
196
175
209
181
174
182
207
187
164
184
187
192
183
172
186
179
159
180
158
180
191
188
199
193
175
187
186
181
183
186
184
179
167
181
171
184
168
184
186
187
176
198
180
183
170
192
191
194
187
180
175
183
188
182
212
189
185
173
175
198
155
174
199
188
186
208
178
173
194
166
184
205
188
181
208
164
190
170
161
200
161
177
186
183
167
151
164
198
186
175
181
208
173
166
195
192
185
170
183
166
180
161
178
190
196
184
180
188
206
183
195
153
229
201
200
183
190
178
190
165
175
165
168
193
176
171
184
172
199
186
176
173
177
181
174
193
182
180
180
203
182
183
162
178
181
173
203
171
165
195
181
184
170
165
177
195
198
182
177
185
188
183
183
177
168
180
163
180
181
187
188
187
193
176
189
164
177
166
179
177
176
161
180
200
208
190
172
188
172
173
167
174
173
188
178
174
168
171
185
176
171
178
186
188
187
182
176
184
189
189
155
197
175
157
178
173
177
169
171
203
169
190
185
188
196
189
179
174
183
176
173
171
207
160
187
172
179
189
201
195
167
193
174
186
173
199
163
167
182
154
181
199
188
183
171
185
192
186
178
186
179
176
178
153
167
176
191
184
181
183
184
178
185
208
174
177
172
177
181
191
181
217
187
189
165
177
165
181
173
189
177
183
192
173
175
168
186
197
195
186
202
174
204
188
189
160
172
187
164
216
165
169
186
180
196
174
166
180
177
185
194
198
166
194
162
172
180
186
192
175
180
179
187
172
172
206
167
178
182
194
173
192
182
165
184
200
173
181
170
170
170
169
212
181
191
179
164
181
179
173
175
166
202
167
