204
189
211
175
212
194
204
158
208
203
195
200
201
202
206
196
193
181
216
198
200
171
171
185
196
188
181
190
177
204
208
197
190
219
224
212
223
187
225
198
189
204
209
191
197
194
154
204
182
209
183
178
189
219
197
217
188
208
183
217
204
189
200
219
193
177
188
215
209
224
193
193
207
181
202
176
197
200
183
200
190
195
201
177
190
178
209
161
160
196
204
201
218
214
201
211
213
176
194
195
176
198
197
187
214
192
189
195
180
191
187
192
204
219
209
189
182
211
156
195
209
184
210
186
193
192
183
185
203
186
203
188
207
215
207
181
180
185
214
204
176
173
216
199
211
184
189
184
202
200
196
193
194
190
195
197
206
199
212
228
207
204
197
202
197
196
217
198
196
216
150
168
192
186
205
192
202
158
178
197
185
207
194
185
183
201
224
189
187
197
213
184
161
213
218
184
201
182
204
201
193
201
198
192
188
187
217
176
210
199
200
198
178
216
214
216
181
191
211
179
194
208
178
230
217
210
174
211
178
203
193
205
209
213
199
180
210
219
192
181
196
202
191
186
230
172
180
193
187
213
187
196
195
199
149
194
198
192
189
194
197
185
204
184
223
193
224
192
186
230
204
187
190
201
211
182
195
225
209
187
199
206
220
209
202
193
207
175
190
193
214
158
201
182
215
196
226
202
177
201
222
209
187
208
210
197
198
210
206
193
197
207
194
209
187
186
195
210
204
170
184
191
201
188
194
199
206
204
177
193
183
188
203
190
204
207
199
191
186
205
199
177
202
226
219
202
207
185
192
171
189
181
191
210
227
160
204
182
176
190
185
206
182
196
196
180
199
225
209
171
191
181
193
214
201
205
190
212
189
176
199
212
193
208
208
180
197
196
205
206
197
209
199
172
184
187
201
199
204
201
183
200
195
197
212
178
217
193
174
184
205
189
183
183
227
202
194
216
192
188
183
197
232
213
191
212
204
184
206
199
183
212
179
193
161
193
206
212
177
196
211
179
201
206
195
187
208
211
227
192
201
190
195
200
199
198
194
195
203
208
164
199
210
193
202
186
191
214
208
174
209
197
187
185
197
193
185
206
186
215
170
217
228
181
184
213
198
190
210
203
184
213
190
190
189
194
213
179
205
194
203
194
197
221
201
194
162
204
209
202
189
192
217
198
189
202
189
185
185
207
215
186
196
204
207
211
212
193
178
212
219
224
214
194
206
197
183
183
188
189
203
188
182
208
203
201
205
194
208
203
185
190
174
174
208
211
202
162
199
183
200
204
207
200
188
199
202
193
197
212
180
172
217
196
158
194
184
186
203
183
208
216
199
178
183
183
190
207
225
195
197
205
216
186
195
203
210
223
204
206
208
186
187
209
201
178
219
173
167
205
201
177
188
181
210
192
192
206
202
203
193
193
182
202
182
183
201
191
211
207
203
188
169
203
229
205
198
180
201
202
212
229
208
195
211
192
189
192
200
215
201
183
218
212
203
203
206
198
191
221
199
198
188
193
204
173
183
203
176
190
202
200
216
195
220
184
194
204
191
185
188
189
185
212
205
188
203
229
204
214
206
207
211
201
198
200
186
179
223
203
172
204
183
210
191
201
172
195
197
177
190
184
183
187
208
191
210
178
189
216
183
222
176
210
211
207
211
187
175
197
212
225
189
184
210
188
186
178
189
191
203
200
177
219
216
199
187
222
192
193
204
199
205
184
205
207
202
178
193
215
190
195
178
193
192
209
212
208
201
182
199
193
203
202
203
187
194
206
203
200
213
183
190
203
188
204
219
197
200
191
187
196
190
194
207
179
180
208
195
200
199
189
188
201
186
181
186
219
189
210
188
184
166
199
215
199
180
189
197
188
180
184
192
228
232
186
206
201
187
211
219
191
187
207
195
225
212
186
201
175
203
217
210
213
176
210
204
182
180
181
205
184
229
181
191
177
204
174
207
184
200
210
190
185
215
181
193
212
186
163
187
188
202
225
199
197
196
198
210
201
204
185
191
205
206
190
210
172
177
192
202
201
178
188
207
172
207
208
188
193
199
197
202
187
218
178
228
198
180
188
194
194
193
171
167
206
204
171
209
200
207
190
195
212
208
209
211
200
177
219
171
189
175
175
196
182
182
187
195
203
231
197
206
195
199
169
193
196
213
205
222
214
212
183
187
201
192
206
161
213
173
196
206
212
187
199
199
197
173
182
217
194
195
219
196
237
179
186
191
203
168
172
182
184
185
229
209
212
206
226
204
207
194
184
187
176
185
184
182
203
