205
199
194
204
186
202
184
206
199
194
184
210
193
203
205
209
175
214
201
189
205
208
187
190
195
182
185
171
224
187
204
194
200
202
192
203
195
205
191
202
194
225
177
179
188
201
200
185
183
177
193
194
190
192
184
199
194
212
206
195
192
206
192
192
196
197
196
225
193
200
194
196
206
181
207
199
186
208
209
192
179
208
196
185
199
208
187
194
208
181
207
210
200
200
197
204
197
199
181
206
210
179
199
211
167
183
193
220
170
193
192
202
206
185
201
190
199
214
189
203
200
201
207
209
194
189
227
194
192
203
221
199
191
200
210
202
198
205
194
188
173
198
205
218
199
186
188
177
189
199
210
186
195
179
204
197
197
202
190
212
184
207
222
205
204
191
188
199
179
202
195
206
200
190
206
205
188
217
191
191
196
192
195
194
195
220
187
193
185
201
187
196
207
194
216
189
195
169
210
210
197
205
189
194
197
195
198
190
216
195
175
222
217
216
210
175
213
207
216
209
188
217
177
198
206
203
206
192
213
177
188
203
212
178
204
202
196
232
200
205
197
203
222
182
206
205
181
198
212
198
185
185
193
185
202
176
193
179
186
187
184
222
188
197
180
202
185
222
199
189
188
198
221
210
194
195
186
210
189
204
193
209
202
184
183
216
210
195
192
188
218
204
201
207
199
194
199
190
200
187
195
211
204
187
201
202
181
169
194
208
193
181
201
185
208
214
175
217
184
188
198
203
216
187
205
211
206
187
198
189
188
195
192
199
207
197
174
195
189
204
192
213
195
186
188
206
166
203
188
206
204
213
190
195
191
190
190
193
189
208
207
193
194
199
178
190
207
216
202
199
209
198
196
206
182
200
199
204
179
188
191
198
197
201
215
172
198
186
197
206
209
200
187
199
191
196
181
195
220
216
189
207
198
198
223
191
192
213
184
191
203
183
198
213
181
205
204
195
196
197
191
201
205
192
210
199
212
214
204
190
200
203
214
192
203
206
190
215
203
197
209
196
196
188
213
196
210
180
198
192
196
221
174
190
201
186
194
197
186
179
190
192
193
197
202
203
197
193
200
224
219
191
206
204
180
198
209
182
187
201
192
190
182
188
189
199
202
198
194
170
184
212
204
191
187
208
200
212
223
209
198
215
191
196
199
194
215
209
202
205
189
192
219
196
204
199
191
188
196
205
200
199
187
239
207
194
216
195
185
199
207
206
204
178
218
195
188
194
175
184
188
212
192
191
183
189
189
196
197
205
192
194
211
198
197
213
181
195
208
180
220
196
190
202
192
212
196
192
271
192
221
199
178
194
191
187
195
206
193
205
200
189
204
171
189
196
190
188
200
193
214
189
201
178
193
182
195
193
200
222
196
190
194
205
186
195
196
191
188
202
193
210
187
221
192
218
191
209
190
197
182
182
210
193
189
199
206
191
186
189
190
196
196
193
184
207
198
214
219
199
212
212
191
195
189
199
183
200
194
188
194
184
197
215
195
189
216
189
201
201
203
206
211
192
200
209
188
222
190
203
190
213
204
180
196
186
203
180
210
187
174
183
215
184
199
196
227
195
200
190
189
211
201
195
202
177
186
213
212
202
195
197
223
190
200
209
256
211
195
224
184
197
196
205
214
200
186
199
215
175
209
210
192
193
187
193
186
193
211
182
191
215
184
188
186
195
201
181
200
201
201
189
206
209
193
207
190
187
214
218
210
193
211
181
190
188
187
198
189
196
209
199
227
206
199
215
200
205
209
188
196
209
199
191
212
203
200
200
191
197
218
201
195
198
199
213
188
212
179
208
224
187
204
196
197
199
229
206
216
202
202
194
210
190
199
204
206
216
188
209
204
210
210
205
172
213
222
189
199
194
199
210
200
201
185
210
210
191
185
211
196
217
191
198
190
206
189
192
206
188
190
198
204
204
206
187
193
186
212
195
192
199
202
196
202
207
197
213
212
181
199
206
203
184
199
193
189
214
210
204
193
203
222
205
196
234
201
189
210
236
202
185
195
198
223
194
198
193
199
206
197
198
203
194
185
197
191
178
206
193
187
181
206
197
211
197
216
196
189
189
213
191
194
201
192
191
184
207
193
201
198
197
182
214
200
192
190
205
208
197
191
186
207
205
204
219
207
169
197
180
190
202
201
189
196
205
205
184
181
212
203
216
207
192
199
183
203
225
194
190
181
189
202
201
182
205
202
213
198
186
187
192
195
185
186
190
203
193
188
176
206
191
201
217
217
191
204
215
222
203
194
198
190
206
214
189
208
178
214
181
