202
187
188
186
200
218
176
169
177
184
202
196
194
164
207
153
213
175
188
195
189
214
197
186
179
173
178
195
182
184
192
163
173
223
222
215
183
171
181
168
195
166
237
190
164
185
209
201
207
189
173
178
168
193
185
174
204
167
180
193
179
180
204
178
185
190
174
190
181
193
173
168
180
188
211
179
171
162
218
174
179
156
188
178
200
187
188
180
174
167
162
182
198
177
196
173
171
191
179
181
184
191
204
190
178
235
187
204
170
174
197
182
181
167
174
191
184
186
194
192
215
194
189
194
173
200
190
164
160
195
160
189
187
179
185
180
169
193
190
173
189
192
188
200
174
180
195
165
170
181
197
176
177
192
170
194
221
172
176
192
182
175
188
182
183
173
194
166
180
173
179
189
177
180
219
189
168
167
184
183
188
194
178
204
206
187
183
186
199
188
182
176
194
170
187
182
182
164
198
191
202
190
185
175
186
194
162
167
223
182
172
210
185
186
180
157
170
199
168
182
193
158
201
192
174
209
189
219
163
186
199
181
173
159
196
215
168
194
186
172
175
189
202
178
183
198
177
195
176
198
204
191
170
162
183
169
167
172
188
197
197
188
176
190
187
192
241
166
172
184
204
174
191
169
167
166
197
181
203
198
199
187
194
183
225
190
190
170
181
193
174
226
175
195
179
185
189
205
175
200
182
182
198
183
185
175
199
167
186
204
184
181
215
189
183
172
188
164
186
192
171
197
162
196
167
187
175
171
167
188
185
167
204
189
165
188
192
166
181
174
191
182
172
161
178
165
170
179
185
179
189
171
177
187
179
208
167
179
163
226
184
199
187
180
177
204
162
228
183
178
177
192
173
190
198
200
205
174
179
172
172
193
181
181
168
182
197
177
165
185
226
167
195
199
179
234
183
160
171
168
171
172
184
174
185
168
163
174
178
176
194
175
173
185
179
172
215
228
180
192
171
170
193
177
181
172
166
190
185
183
205
199
168
170
166
203
192
179
168
202
175
190
171
170
184
179
173
197
181
191
176
176
194
188
193
192
181
191
177
188
199
175
191
180
172
180
199
203
166
189
170
182
181
168
180
203
172
203
193
181
172
172
172
185
170
197
183
198
182
169
188
201
207
177
177
169
195
164
184
169
184
212
171
221
169
181
184
231
180
173
165
179
203
175
171
179
170
183
176
175
170
191
180
168
207
193
192
216
201
181
181
189
198
173
179
184
184
188
194
186
191
189
200
187
182
185
182
172
173
187
179
163
178
186
171
167
198
185
173
197
184
164
206
170
175
163
192
187
191
163
179
172
174
206
169
172
184
171
195
217
159
195
200
198
201
172
187
191
197
188
171
173
201
182
177
190
175
165
167
193
209
169
207
178
173
177
194
172
195
199
192
194
203
202
164
198
183
175
178
176
174
173
197
209
175
170
178
183
199
192
185
206
182
164
174
172
176
192
165
218
182
164
169
185
199
177
178
184
173
166
162
192
180
180
201
162
176
183
187
165
202
176
200
179
193
194
173
191
193
200
178
223
178
189
180
184
195
175
180
186
178
186
176
172
173
191
184
186
177
182
158
205
180
204
183
198
215
170
185
182
186
200
170
179
191
171
194
206
184
196
187
188
183
195
190
179
179
196
164
187
183
200
175
171
184
205
182
172
188
193
192
188
165
171
181
201
197
175
177
167
210
181
188
181
166
195
174
193
184
215
163
163
198
173
219
204
193
197
173
184
167
176
194
189
179
173
194
177
204
177
178
176
202
193
179
212
183
196
191
193
198
240
184
209
196
210
175
206
164
205
181
174
219
193
200
186
198
194
176
199
202
185
174
186
210
187
190
172
173
163
195
179
218
185
173
174
184
192
168
185
186
186
203
167
196
238
179
196
179
176
172
178
179
179
199
226
179
191
169
181
175
185
189
200
157
180
193
183
198
182
179
190
194
187
196
165
164
200
216
184
155
180
168
202
182
192
226
187
203
168
193
213
165
178
226
174
160
188
185
200
169
188
188
195
187
160
206
198
184
168
187
182
179
182
172
176
186
177
181
185
185
184
186
171
178
175
178
190
185
181
204
188
183
191
192
197
188
184
200
180
216
209
173
157
182
175
202
183
152
188
185
194
180
170
163
181
169
184
203
187
178
186
166
194
189
180
184
176
168
182
158
184
171
210
209
186
176
169
188
169
194
193
169
188
192
205
161
190
189
172
169
196
179
186
198
161
167
185
166
205
171
179
183
185
173
220
185
177
181
190
176
174
160
183
191
187
210
173
169
175
