187
167
196
169
177
188
187
176
194
179
159
171
190
177
163
177
176
165
187
179
233
175
182
152
172
168
179
186
176
170
197
180
182
176
196
157
171
191
194
168
160
165
161
190
167
164
174
183
162
175
164
174
168
156
178
175
173
200
171
197
162
186
192
174
193
175
173
173
174
177
187
176
173
163
177
177
173
174
196
175
191
170
166
190
181
163
157
169
183
186
172
166
205
189
157
169
186
186
178
176
219
164
170
184
183
194
208
149
179
160
190
158
168
173
186
192
186
179
183
176
234
165
176
167
192
164
161
158
164
171
170
191
157
156
180
195
206
196
166
157
191
187
201
183
161
166
176
150
157
161
161
179
176
172
168
161
155
202
157
178
162
169
186
188
157
148
162
165
184
182
183
175
162
191
162
175
204
179
172
182
156
177
196
229
155
177
183
170
186
215
164
164
169
206
178
158
159
165
161
178
190
177
175
186
192
181
162
162
185
161
164
175
172
172
180
176
170
150
176
162
178
149
191
215
179
202
184
191
155
174
169
186
185
189
177
193
168
176
156
188
173
176
167
163
187
197
183
164
178
198
172
181
155
174
198
204
190
162
185
182
181
190
156
174
160
170
187
161
177
179
178
171
183
173
229
157
158
184
219
185
156
173
167
174
195
183
178
160
171
167
170
187
157
188
149
175
168
159
177
152
169
178
185
163
175
175
177
189
191
166
180
180
190
166
154
241
186
196
193
159
173
175
167
180
210
172
167
168
173
160
186
178
162
181
186
163
187
155
178
184
158
150
158
172
167
179
180
162
150
168
195
171
173
153
189
190
157
180
191
183
192
178
198
176
217
172
186
171
169
172
167
166
178
180
202
169
169
170
195
184
180
163
183
180
177
177
203
184
186
169
162
168
194
184
168
173
186
177
171
186
180
178
182
182
189
170
163
198
195
170
198
166
165
162
173
173
177
205
164
185
163
175
160
177
165
191
190
170
179
178
166
158
162
176
173
169
190
182
188
177
161
215
189
171
184
166
203
157
178
157
171
174
184
176
179
171
175
165
169
176
172
165
170
188
176
186
200
197
216
218
202
189
175
171
162
186
175
173
260
189
166
213
176
174
191
166
173
163
175
192
183
165
173
178
160
206
190
189
195
161
165
220
170
201
163
197
172
170
176
177
157
203
182
183
183
189
178
178
213
188
184
160
170
172
165
174
175
165
186
179
175
175
162
177
187
161
166
202
188
168
191
179
184
166
180
166
215
173
162
167
180
163
197
193
169
183
166
197
208
169
170
177
201
152
171
161
164
156
160
175
148
151
194
169
157
186
172
180
159
178
193
167
215
175
149
174
171
164
213
178
200
173
168
218
187
176
205
180
179
171
159
183
189
163
164
159
174
191
202
176
173
181
177
171
155
189
179
184
177
189
175
188
187
184
168
162
194
177
165
180
172
169
169
183
171
156
231
185
185
155
188
188
183
185
170
188
156
159
192
191
182
197
183
173
187
183
186
179
186
184
187
188
166
189
196
169
197
162
179
173
181
164
191
166
173
178
187
157
178
172
183
175
177
153
178
160
206
178
197
194
188
150
189
180
165
199
194
173
180
174
157
177
188
160
180
203
192
202
171
158
162
176
188
201
169
196
160
155
178
170
175
196
184
187
185
193
208
203
157
204
171
201
171
208
178
169
172
172
203
193
169
190
160
181
175
170
186
188
170
163
195
189
178
172
209
162
172
160
176
143
191
167
197
185
165
178
183
202
171
167
186
179
173
184
176
187
171
170
178
158
180
173
168
181
177
173
167
150
192
176
185
147
179
191
184
157
169
184
181
174
166
179
218
176
195
190
172
183
161
171
160
170
194
176
164
188
192
166
171
186
171
166
192
208
165
192
166
162
172
169
183
220
167
170
173
181
189
196
157
190
189
172
161
170
166
180
183
171
157
205
170
171
206
160
169
189
175
209
165
160
174
166
165
153
183
169
179
169
164
169
197
172
189
195
167
166
169
170
214
196
180
168
157
195
166
167
169
175
171
164
198
179
179
176
190
175
160
173
205
169
165
159
192
156
245
172
182
170
227
180
176
177
173
208
167
170
183
218
193
183
153
156
171
190
177
185
183
196
185
169
158
180
178
185
174
170
167
204
164
154
191
154
173
178
189
202
188
169
195
184
180
192
170
202
155
166
193
183
162
161
176
197
182
179
182
172
188
170
190
189
174
169
176
201
162
184
177
164
159
180
191
162
172
165
177
166
178
175
173
194
171
163
186
160
164
177
195
151
191
161
