212
236
235
203
189
225
218
237
219
217
223
213
228
218
214
216
209
209
219
223
228
253
236
232
212
223
227
245
206
231
212
205
203
225
207
227
224
232
212
218
222
205
216
214
223
205
219
232
217
238
205
201
202
211
206
198
231
215
224
222
234
214
224
208
226
217
224
234
215
232
214
231
228
219
231
217
190
198
211
234
231
241
234
232
209
197
218
218
208
232
215
217
243
221
215
207
229
213
212
207
222
242
229
221
198
209
233
211
196
207
223
218
220
222
233
216
205
209
217
219
196
223
217
208
225
231
220
213
198
223
224
203
217
227
209
241
222
206
224
202
223
226
213
217
210
220
216
211
194
238
225
204
220
217
216
226
219
220
207
218
197
201
235
224
228
229
204
231
224
236
241
223
224
233
218
224
241
229
218
215
207
246
224
215
220
234
216
239
225
214
215
232
203
214
208
221
228
211
216
225
230
225
215
216
232
216
204
219
217
217
210
216
209
216
214
203
203
238
202
218
215
226
243
217
223
219
212
224
213
201
222
228
228
219
232
215
233
215
204
216
224
193
203
215
206
227
221
237
230
241
226
228
214
208
221
223
198
207
210
239
217
212
231
231
212
206
223
223
228
235
225
221
203
227
203
198
211
222
229
221
221
218
206
199
224
212
212
226
239
227
207
230
243
227
232
214
201
218
222
209
223
218
236
244
237
228
234
201
225
235
223
193
217
231
225
225
232
217
211
227
224
207
247
214
219
211
229
214
241
214
212
219
230
217
237
240
225
218
213
231
213
220
209
221
205
223
238
226
225
199
224
220
209
221
227
230
216
232
231
239
227
222
221
207
205
210
210
208
218
231
224
214
220
221
216
237
231
222
214
212
232
217
209
232
237
216
212
220
234
226
219
201
227
219
233
218
212
232
214
215
236
204
206
232
216
235
241
222
232
219
217
210
199
217
230
214
225
228
226
220
203
239
228
229
198
208
203
218
223
237
194
224
215
218
240
231
207
214
231
245
217
207
229
206
220
211
225
223
218
207
241
222
217
241
216
211
217
208
204
234
197
201
213
219
226
216
212
233
221
208
199
224
218
243
219
244
230
203
220
238
218
218
217
246
211
213
231
210
216
219
210
204
216
247
218
196
222
208
227
241
200
230
221
209
220
215
222
211
207
223
225
239
204
195
231
208
238
220
221
242
212
209
225
220
228
218
225
189
239
247
217
213
238
237
234
213
199
209
208
213
206
233
214
221
199
215
222
202
227
209
224
248
235
220
226
217
219
225
222
211
210
231
224
226
229
229
201
206
225
234
249
236
200
248
226
226
224
220
214
211
202
206
219
230
216
226
227
229
223
198
227
222
245
228
225
230
221
222
224
227
202
224
235
204
219
227
207
210
226
222
209
211
235
204
229
216
235
221
229
229
221
234
235
204
219
227
228
196
213
233
216
231
218
212
218
220
225
221
198
212
230
242
226
211
243
216
213
219
214
213
208
225
218
212
221
246
216
227
198
236
240
215
213
237
215
222
244
232
200
224
222
236
241
207
220
230
241
222
218
224
207
223
216
236
224
220
223
218
207
249
215
226
218
209
228
243
217
215
219
209
225
205
241
199
253
229
230
225
212
199
232
233
224
238
207
231
215
211
222
227
221
230
223
206
223
235
207
197
220
208
227
219
220
217
212
211
206
239
231
207
209
204
234
198
225
232
226
240
205
217
206
212
230
244
220
225
209
215
218
232
209
229
221
222
220
227
198
213
223
239
237
216
222
241
226
195
231
225
221
226
219
232
213
240
218
233
216
216
225
213
214
222
214
221
213
215
220
214
229
232
242
205
211
220
203
217
235
208
220
201
232
213
203
218
206
214
214
241
240
226
218
208
230
213
229
241
211
202
229
222
240
208
203
229
216
210
238
234
208
227
254
208
218
221
230
229
212
213
202
215
238
208
204
211
202
205
234
216
223
208
211
209
238
209
219
208
232
198
217
220
209
224
221
202
227
213
223
228
211
216
234
224
240
220
230
220
220
216
237
214
232
219
221
208
235
198
224
214
222
240
221
227
209
234
219
234
219
207
202
213
237
208
222
209
208
215
223
221
237
199
215
220
212
230
224
214
222
212
210
210
228
219
216
206
236
222
222
234
214
249
234
219
241
231
219
217
221
197
230
232
225
202
219
200
207
238
216
214
204
207
204
241
226
196
213
216
233
211
241
225
219
220
207
203
230
223
202
223
226
203
230
225
232
233
234
231
232
237
219
209
217
204
230
198
238
220
223
231
206
224
