168
199
216
192
185
181
172
170
177
187
167
174
170
175
179
162
171
185
179
167
172
186
143
173
178
200
183
171
179
173
205
175
184
163
154
186
160
166
185
167
168
174
168
177
189
180
170
168
156
179
175
178
180
172
194
189
183
188
178
186
169
196
181
176
183
166
179
168
181
205
168
182
197
170
190
185
175
168
167
200
173
177
189
180
171
160
184
212
172
169
169
187
180
173
174
182
164
203
190
188
182
174
162
196
185
176
167
187
173
192
172
180
170
189
188
179
170
191
147
178
163
169
193
176
184
194
179
192
173
197
177
178
183
172
181
174
167
193
173
187
174
181
182
182
172
184
169
162
151
179
179
168
176
163
179
178
176
177
159
160
183
165
175
180
175
167
200
168
169
179
160
197
177
171
201
177
173
187
183
181
180
172
149
171
163
195
185
165
164
173
176
190
166
199
182
175
172
168
195
172
198
211
188
180
189
180
179
184
179
172
166
208
188
178
173
194
186
185
172
181
175
177
183
161
203
168
177
182
171
182
171
165
176
185
171
172
173
177
175
208
164
167
164
189
178
184
168
173
178
196
183
168
184
179
180
176
184
185
187
187
175
187
186
179
164
202
159
177
176
167
189
179
182
168
174
180
158
181
180
193
190
178
155
169
170
187
178
162
156
155
177
183
165
201
179
176
172
179
185
170
165
163
188
179
165
177
181
176
177
198
166
196
188
182
206
189
173
176
172
183
171
180
202
181
171
173
169
189
162
192
177
195
184
164
200
196
175
169
184
184
179
165
179
175
175
167
181
189
169
190
188
168
182
189
181
190
173
158
169
184
173
178
180
171
177
186
155
156
176
159
181
154
168
191
184
177
190
160
172
157
177
183
183
173
170
169
168
156
167
181
173
172
157
186
185
194
190
170
187
188
185
162
153
177
194
174
159
197
175
174
171
169
175
176
186
169
182
188
175
178
177
188
160
191
183
179
168
189
168
167
178
185
171
165
171
205
166
179
161
166
181
189
200
192
169
172
184
166
160
171
177
159
175
173
157
176
186
178
213
174
190
169
173
190
189
153
185
153
193
168
198
184
193
172
179
182
151
174
174
178
204
191
177
172
198
202
186
176
172
193
187
170
167
171
162
170
183
179
175
185
193
166
219
195
159
182
196
183
202
186
173
191
196
190
163
163
173
164
182
188
167
164
198
192
173
182
173
173
173
178
213
165
187
150
180
179
176
174
189
167
190
171
166
190
172
158
189
175
179
170
178
180
183
190
172
157
168
194
175
177
174
173
212
176
183
192
191
170
172
179
173
162
153
175
156
175
166
158
189
181
169
167
175
183
193
195
157
160
194
181
190
193
215
184
176
185
173
171
177
178
181
157
205
181
205
157
175
175
162
165
170
170
188
160
181
180
188
169
185
170
157
196
171
199
167
196
174
189
155
206
175
165
173
182
152
187
174
149
183
191
183
207
171
166
169
181
171
171
173
170
172
161
165
180
167
199
172
182
186
174
186
203
172
159
189
166
166
179
164
162
160
184
189
160
191
187
192
173
175
169
180
185
160
159
189
193
168
174
167
188
196
164
168
177
186
206
189
187
178
166
175
165
165
191
185
158
174
172
199
200
169
183
186
167
173
193
185
179
166
158
178
173
184
173
179
196
184
191
211
178
176
159
187
177
181
193
174
165
176
187
190
177
176
201
194
183
152
179
186
173
181
171
179
190
190
176
179
196
180
204
168
161
172
171
156
183
184
187
175
171
172
153
176
158
214
166
164
177
173
183
190
194
173
185
172
181
181
188
186
166
194
180
178
192
168
206
203
206
165
186
172
173
164
184
174
179
186
176
166
172
168
179
159
171
167
187
165
169
195
170
178
180
195
177
154
159
175
182
193
184
170
168
179
164
186
197
173
162
180
164
183
191
180
192
178
186
197
176
201
176
192
181
188
177
170
191
166
186
173
191
183
163
187
169
164
169
181
138
168
176
166
156
177
169
196
169
173
180
150
178
154
192
176
183
191
170
182
185
181
193
187
165
177
170
190
176
178
179
181
158
180
197
164
180
175
181
165
168
174
170
178
199
170
167
170
192
190
162
165
195
177
178
158
158
191
170
192
161
170
176
170
174
198
168
164
206
184
172
195
177
167
177
180
163
179
153
180
160
170
179
175
176
160
203
189
168
152
184
168
187
162
183
176
183
181
197
176
163
179
187
191
188
175
177
149
156
173
180
183
180
180
164
183
179
175
160
189
175
179
149
164
158
165
179
173
185
155
169
219
168
