182
166
173
209
168
182
177
165
230
173
198
195
156
164
162
159
163
166
177
167
158
178
175
193
201
203
229
179
164
163
171
195
188
184
184
173
186
159
171
183
188
164
189
162
181
171
167
152
185
169
181
167
182
169
211
179
191
175
164
206
170
184
192
184
169
173
172
172
173
169
164
185
192
188
183
192
163
194
171
193
176
174
162
169
183
158
191
160
165
183
187
195
176
172
187
165
152
149
177
190
189
187
205
186
158
177
161
197
199
188
188
188
201
157
182
185
185
169
170
184
172
193
153
222
188
173
193
155
179
190
166
179
165
160
189
168
175
171
187
166
189
162
147
143
172
185
190
151
192
181
198
176
182
166
190
209
181
193
174
182
194
180
200
165
184
172
171
169
190
160
189
189
167
189
179
160
175
159
177
201
171
167
179
176
179
183
172
162
189
197
147
182
195
189
203
240
185
165
158
183
188
166
171
153
178
200
159
198
169
178
157
166
171
179
171
158
176
189
157
223
173
163
184
181
172
175
227
155
155
204
201
173
170
160
163
199
196
156
180
183
205
168
162
227
186
182
153
167
173
180
168
176
188
190
180
178
182
159
188
174
172
166
149
179
174
183
222
164
185
189
165
184
165
193
177
174
162
196
168
160
160
171
187
172
177
162
180
178
172
207
203
174
184
197
172
170
194
170
154
161
165
179
195
187
216
185
176
178
171
187
175
189
175
259
160
178
172
172
169
169
185
179
162
170
172
172
166
168
183
177
158
181
157
174
165
178
169
157
187
170
167
184
185
155
174
233
186
227
203
181
168
167
183
175
205
182
166
174
187
210
146
178
198
179
200
161
203
175
206
191
184
168
159
181
164
177
175
178
184
166
185
172
210
161
183
195
161
180
209
162
188
187
166
187
177
187
175
165
189
212
179
189
188
180
181
179
174
193
193
156
187
163
180
214
157
181
157
181
181
168
190
167
172
172
185
193
159
192
182
172
169
166
161
174
171
150
183
193
175
181
169
190
185
175
196
163
153
168
180
205
180
162
184
202
189
167
181
167
188
153
181
219
161
169
170
176
169
191
163
172
179
180
176
185
173
189
166
171
160
166
186
171
198
183
167
184
195
176
179
175
165
189
152
193
178
184
192
175
166
173
162
167
170
192
165
163
196
199
177
177
179
190
183
184
186
180
185
160
165
170
164
179
158
190
180
163
174
177
173
202
169
153
160
162
163
180
180
174
161
164
190
183
144
178
175
171
191
171
166
206
172
179
162
180
166
170
193
180
210
178
168
167
165
191
178
185
205
171
164
193
176
171
173
149
162
163
164
225
168
187
160
151
168
166
173
172
163
185
192
179
187
168
183
184
191
171
165
178
161
152
161
151
186
171
166
203
181
183
187
166
175
205
151
168
165
203
183
186
189
200
165
173
212
187
185
200
196
206
165
182
188
163
180
196
152
158
172
179
177
182
156
175
188
185
177
159
196
193
196
187
171
175
175
174
184
171
175
191
175
184
173
172
187
177
172
180
172
166
173
177
202
178
167
178
192
192
171
200
186
160
179
182
208
195
170
171
166
186
163
182
179
170
179
164
185
196
164
169
154
171
163
171
186
188
161
194
180
166
170
158
174
160
172
172
184
161
152
160
176
193
175
174
178
172
154
164
153
160
179
184
206
182
181
164
166
169
161
167
167
172
195
167
184
186
162
179
174
173
174
186
188
160
177
179
168
180
173
186
158
183
178
180
164
200
192
161
163
166
171
175
173
174
167
147
198
178
175
170
185
170
168
168
188
146
169
174
188
173
167
169
311
236
174
167
198
182
174
155
174
153
188
182
171
198
172
177
218
194
185
177
180
199
194
178
175
194
200
200
160
185
176
161
171
183
178
165
176
169
181
175
171
177
176
171
185
167
180
150
183
170
165
176
196
174
193
220
177
162
163
171
162
205
148
167
159
172
200
175
162
190
157
178
186
175
174
221
177
195
147
173
161
185
173
161
172
184
162
186
176
173
168
176
173
174
176
157
150
188
173
177
198
177
180
168
170
199
161
175
175
176
151
181
173
178
157
195
152
177
242
190
187
172
174
178
169
177
172
179
175
165
183
172
192
171
160
177
179
187
168
193
183
195
200
170
182
179
159
192
166
173
170
175
164
172
197
173
205
171
166
168
169
175
186
205
169
195
172
179
181
170
186
174
174
163
162
176
180
173
174
168
174
171
162
175
190
182
168
188
175
168
168
194
184
160
186
183
210
211
179
165
169
198
190
162
158
182
164
190
179
171
